K -3165.0, -33.0, 100, 60, 100, 1, A_frantic_kerran
K -1457.0, 1153.0, 100, 60, 100, 1, A_Kerra_Snake
K -1153.0, 1131.0, 100, 60, 100, 1, A_Kerra_Snake
K -1288.0, 1286.0, 100, 60, 100, 1, A_Kerra_Snake
K -1252.0, 1304.0, 100, 60, 100, 2, A_kerra_spider|A_vampire_bat
K -1349.0, 1151.0, 100, 60, 100, 1, A_kerra_spider
K -3982.0, 1108.0, 100, 60, 100, 1, A_Killer_Shark
K -2799.0, -1319.0, 100, 60, 100, 1, A_Killer_Shark
K -2108.0, 1157.0, 100, 60, 100, 1, A_Zombie_Sailor
K -746.0, 1334.0, 100, 60, 100, 1, Jarra
K -753.0, 1312.0, 100, 60, 100, 1, Kala
K -1315.0, 1200.0, 100, 60, 100, 1, Kerra_Isle_beetle
K -797.0, 1771.0, 100, 60, 100, 1, Milla
K -678.0, 1779.0, 100, 60, 100, 1, Monala
K -962.0, 1591.0, 100, 60, 100, 1, Nifta
K -1125.0, 1781.0, 100, 60, 100, 1, Nomala
K -1638.0, 919.0, 100, 60, 100, 1, Ooglyn
K -857.0, 1479.0, 100, 60, 100, 1, Renna
K -780.0, 721.0, 100, 60, 100, 1, Tolo
K -1239.0, 1175.0, 100, 60, 100, 1, Yelesom_Paust