K 764.0, 176.0, 80, 30, 80, 2, A_Boogeyman
K -447.0, 972.0, 80, 30, 80, 2, A_Boogeyman
K 111.0, 717.0, 80, 30, 80, 2, A_broken_golem
K 1071.0, 331.0, 80, 30, 80, 2, A_Frightfinger
K 1133.0, 322.0, 80, 30, 80, 2, A_Frightfinger
K 1093.0, -561.0, 80, 30, 80, 2, A_Glare_Lord
K -277.0, 1280.0, 80, 30, 80, 2, A_Glare_Lord
K -497.0, -892.0, 80, 30, 80, 2, A_Glare_Lord
K 664.0, 282.0, 80, 30, 80, 2, A_Gorgon
K 639.0, 360.0, 80, 30, 80, 2, A_Gorgon
K 386.0, -486.0, 80, 30, 80, 2, A_Nightmare
K 664.0, -1355.0, 80, 30, 80, 2, A_Nightmare
K 830.0, -1184.0, 80, 30, 80, 2, A_phantasm
K 1265.0, 364.0, 80, 30, 80, 2, A_Samhain
K -248.0, 1276.0, 80, 30, 80, 2, A_Samhain
K -414.0, 957.0, 80, 30, 80, 2, A_Samhain
K 68.0, 762.0, 80, 30, 80, 2, A_worry_wraith
K 1134.0, 352.0, 80, 30, 80, 2, A_worry_wraith
K 73.0, 744.0, 80, 30, 80, 2, A_worry_wraith
K 128.0, 750.0, 80, 30, 80, 2, A_worry_wraith
K 1201.0, 635.0, 80, 30, 80, 2, Dread
K 358.0, 636.0, 80, 30, 80, 2, Fright
K 714.0, -411.0, 80, 30, 80, 2, Irak_Altil
K 537.0, -397.0, 80, 30, 80, 2, Irak_Altil
K -480.0, -860.0, 80, 30, 80, 2, Phoboplasm
K -381.0, -775.0, 80, 30, 80, 2, Phoboplasm
K 365.0, -200.0, 80, 30, 80, 2, Terror
K -413.0, -804.0, 80, 30, 80, 2, Wraith_of_a_Shissir