K 411.0, -302.0, 80, 30, 80, 2, Barsk_-_Troll
K -101.0, -232.0, 80, 30, 80, 2, Basher_Avisk
K 409.0, -449.0, 80, 30, 80, 2, Basher_Banzuk
K -138.0, -202.0, 80, 30, 80, 2, Basher_Bibeka
K 491.0, -602.0, 80, 30, 80, 2, Basher_Bugak
K 94.0, -196.0, 80, 30, 80, 2, Basher_Ganbaku
K 435.0, 16.0, 80, 30, 80, 2, Basher_Glaum
K 545.0, -467.0, 80, 30, 80, 2, Basher_Gobzin
K 467.0, 125.0, 80, 30, 80, 2, Basher_Gubaku
K 97.0, -82.0, 80, 30, 80, 2, Basher_Kankuk
K 459.0, -209.0, 80, 30, 80, 2, Basher_Kigak
K -139.0, -237.0, 80, 30, 80, 2, Basher_Kumek
K 221.0, -439.0, 80, 30, 80, 2, Basher_Nagkuma
K 67.0, 7.0, 80, 30, 80, 2, Basher_Nanrum
K 29.0, -312.0, 80, 30, 80, 2, Basher_Rakguk
K -86.0, -76.0, 80, 30, 80, 2, Basher_Razbaz
K 483.0, 12.0, 80, 30, 80, 2, Basher_Roruma
K 330.0, -671.0, 80, 30, 80, 2, Basher_Scintok
K 543.0, -436.0, 80, 30, 80, 2, Basher_Stizik
K 74.0, -145.0, 80, 30, 80, 2, Basher_Sutok
K 342.0, -672.0, 80, 30, 80, 2, Basher_Thintan
K 640.0, -581.0, 80, 30, 80, 2, Basher_Uvgin
K 643.0, -668.0, 80, 30, 80, 2, Basher_Wisthak
K 31.0, -135.0, 80, 30, 80, 2, Basher_Zabaak
K 441.0, -274.0, 80, 30, 80, 2, Basher_Zazluk
K 236.0, -361.0, 80, 30, 80, 2, Beztopi
K 221.0, -517.0, 80, 30, 80, 2, Bimuk
K 427.0, -417.0, 80, 30, 80, 2, Blergagg
K 235.0, 258.0, 80, 30, 80, 2, Bregna
K 195.0, -364.0, 80, 30, 80, 2, Bukton
K 458.0, -377.0, 80, 30, 80, 2, Carver_Cagrek
K 421.0, -284.0, 80, 30, 80, 2, Cralk_-_Troll
K 621.0, -520.0, 80, 30, 80, 2, Crilt_-_Troll
K 220.0, -618.0, 80, 30, 80, 2, Exterminator_Filrog
K 207.0, -502.0, 80, 30, 80, 2, Garklog
K 306.0, -141.0, 80, 30, 80, 2, Gartonka
K 1007.0, -443.0, 80, 30, 80, 2, Gluku
K 418.0, -413.0, 80, 30, 80, 2, Grabah
K 396.0, -50.0, 80, 30, 80, 2, Graktak
K 122.0, -260.0, 80, 30, 80, 2, Gralok
K 201.0, -433.0, 80, 30, 80, 2, Hartok
K 125.0, -310.0, 80, 30, 80, 2, Hergor
K 406.0, -323.0, 80, 30, 80, 2, Hoart_-_Troll
K 956.0, -507.0, 80, 30, 80, 2, Hukulk
K 236.0, -508.0, 80, 30, 80, 2, Iskopa
K 301.0, -390.0, 80, 30, 80, 2, Jarlok
K 474.0, -330.0, 80, 30, 80, 2, Jokca
K 213.0, -210.0, 80, 30, 80, 2, Kagbkek
K 438.0, -301.0, 80, 30, 80, 2, Korff_-_Troll
K 122.0, -260.0, 80, 30, 80, 2, Kragia
K 412.0, -683.0, 80, 30, 80, 2, Okun
K 30.0, -232.0, 80, 30, 80, 2, Ootok
K 162.0, -308.0, 80, 30, 80, 2, Ranjor
K 393.0, -439.0, 80, 30, 80, 2, Raztara
K 178.0, -455.0, 80, 30, 80, 2, Rezslog
K 633.0, -616.0, 80, 30, 80, 2, Rohga
K 433.0, -589.0, 80, 30, 80, 2, Sanfik
K 428.0, 58.0, 80, 30, 80, 2, Savarixsa_Zexus
K 558.0, -450.0, 80, 30, 80, 2, Spinkit
K 239.0, -433.0, 80, 30, 80, 2, Tangiz
K 271.0, -441.0, 80, 30, 80, 2, Tokun_-_Troll
K 500.0, 0.0, 80, 30, 80, 2, Urako
K 318.0, -563.0, 80, 30, 80, 2, Uzak
K 167.0, -443.0, 80, 30, 80, 2, Vynugga
K 375.0, -135.0, 80, 30, 80, 2, Wista
K 280.0, -155.0, 80, 30, 80, 2, Zatok
K 271.0, -441.0, 80, 30, 80, 2, Zazhar
K 495.0, -329.0, 80, 30, 80, 2, Zumzal