K -657.0, 433.0, 80, 30, 80, 2, Abrod
K 70.0, -3143.0, 80, 30, 80, 2, A_freshwater_shark
K -565.0, -2026.0, 80, 30, 80, 2, A_freshwater_shark
K -1274.0, -3907.0, 80, 30, 80, 2, A_Gnoll_High_Shaman
K -1315.0, -3658.0, 80, 30, 80, 2, A_Gnoll_High_Shaman
K -1139.0, -3782.0, 80, 30, 80, 2, A_Gnoll_High_Shaman
K -2392.0, -773.0, 80, 30, 80, 2, Aija
K -2107.0, 644.0, 80, 30, 80, 2, An_algae_snake
K -2452.0, -2329.0, 80, 30, 80, 2, An_Aviak_Guard
K -2459.0, -2479.0, 80, 30, 80, 2, An_Aviak_Guard
K -2782.0, 217.0, 80, 30, 80, 2, An_Aviak_Guard
K -959.0, -2480.0, 80, 30, 80, 2, An_Aviak_Guard
K -874.0, -755.0, 80, 30, 80, 2, An_Aviak_Guard
K -143.0, -2770.0, 80, 30, 80, 2, Aqua_goblin_shaman
K -639.0, -2670.0, 80, 30, 80, 2, Aqua_goblin_shaman
K -2185.0, -3777.0, 80, 30, 80, 2, A_Royal_Fish
K -870.0, -2487.0, 80, 30, 80, 2, A_Royal_Fish
K 0.0, -3614.0, 80, 30, 80, 2, A_Spirit_of_Flame
K 1231.0, 45.0, 80, 30, 80, 2, A_stone_skeleton
K 1256.0, 54.0, 80, 30, 80, 2, A_stone_skeleton
K -2690.0, 629.0, 80, 30, 80, 2, A_water_snake
K -2133.0, -744.0, 80, 30, 80, 2, Brundar
K 564.0, -2597.0, 80, 30, 80, 2, Cyanelle
K 542.0, 807.0, 80, 30, 80, 2, Deep
K 1435.0, -2423.0, 80, 30, 80, 2, Derg
K -450.0, 424.0, 80, 30, 80, 2, Dreana
K 551.0, -2623.0, 80, 30, 80, 2, Eldreth
K 1500.0, -250.0, 80, 30, 80, 2, Emkel_Kabae
K -2126.0, -641.0, 80, 30, 80, 2, Grinda
K 594.0, -3583.0, 80, 30, 80, 2, Groethar
K 1833.0, -3065.0, 80, 30, 80, 2, Grud
K -2116.0, -3746.0, 80, 30, 80, 2, Guard_Rianna
K -2112.0, -3797.0, 80, 30, 80, 2, Guard_Treal
K 610.0, -3595.0, 80, 30, 80, 2, Gunhedra
K -2131.0, -591.0, 80, 30, 80, 2, Hruthgar
K 606.0, -3583.0, 80, 30, 80, 2, Hulga
K -2417.0, 943.0, 80, 30, 80, 2, Jonah_Brucker
K -153.0, -3644.0, 80, 30, 80, 2, Jorna
K 680.0, -2760.0, 80, 30, 80, 2, Kanthurn
K 1589.0, -342.0, 80, 30, 80, 2, Kazen_Fecae
K -2215.0, -249.0, 80, 30, 80, 2, Kyralynn
K 584.0, -3581.0, 80, 30, 80, 2, Lenklo
K -159.0, -2777.0, 80, 30, 80, 2, Lord_Bergurgle
K -2186.0, -771.0, 80, 30, 80, 2, Lorud
K -2580.0, -2430.0, 80, 30, 80, 2, Misty_Tekchita
K 1795.0, -3080.0, 80, 30, 80, 2, Punga
K -2408.0, -605.0, 80, 30, 80, 2, Rondel
K 652.0, -958.0, 80, 30, 80, 2, Rykas
K 0.0, -3614.0, 80, 30, 80, 2, Shmendrik_Lavawalker
K -637.0, 507.0, 80, 30, 80, 2, Srynda
K -2408.0, -522.0, 80, 30, 80, 2, Tabitha
K 895.0, -2573.0, 80, 30, 80, 2, Taia_Lyfol
K -152.0, -2765.0, 80, 30, 80, 2, Tainted_Aquagoblin
K -155.0, -2788.0, 80, 30, 80, 2, Tainted_Aquagoblin
K -2197.0, -778.0, 80, 30, 80, 2, Tralinda
K 1785.0, -3053.0, 80, 30, 80, 2, Trug
K 1815.0, -3126.0, 80, 30, 80, 2, Turga
K -153.0, -3644.0, 80, 30, 80, 2, Turgan
K -2145.0, -188.0, 80, 30, 80, 2, Vrynn
K -1072.0, -2624.0, 80, 30, 80, 2, Webclaw_Murkwave