K 3109.0, 3594.0, 80, 30, 80, 2, A_brontotherium
K 3715.0, 4433.0, 80, 30, 80, 2, A_brontotherium
K -1376.0, 3467.0, 80, 30, 80, 2, A_brontotherium
K -779.0, 3790.0, 80, 30, 80, 2, A_brontotherium
K -2298.0, 3046.0, 80, 30, 80, 2, A_brontotherium
K -3630.0, 1879.0, 80, 30, 80, 2, A_brontotherium
K 2686.0, -2143.0, 80, 30, 80, 2, A_cragwyrm
K 2053.0, -3363.0, 80, 30, 80, 2, A_cragwyrm
K -1570.0, -2816.0, 80, 30, 80, 2, A_cragwyrm
K 3522.0, 3158.0, 80, 30, 80, 2, A_drake_(Western_Wastes)
K 1563.0, 3995.0, 80, 30, 80, 2, A_glacier_mastodon
K 3846.0, 4448.0, 80, 30, 80, 2, A_gravid_drake
K 1184.0, -1331.0, 80, 30, 80, 2, A_gravid_drake
K 746.0, 4076.0, 80, 30, 80, 2, A_gravid_drake
K -86.0, -1181.0, 80, 30, 80, 2, A_gravid_drake
K 2045.0, 405.0, 80, 30, 80, 2, A_gravid_drake
K -2828.0, -394.0, 80, 30, 80, 2, Amcilla
K 3901.0, -3065.0, 80, 30, 80, 2, An_elder_wyvern_(Western_Wastes)
K -1750.0, -4460.0, 80, 30, 80, 2, A_shipwrecked_pirate
K -1759.0, -4028.0, 80, 30, 80, 2, A_Velious_Drake
K 1088.0, -798.0, 80, 30, 80, 2, Ayillish
K -630.0, -2405.0, 80, 30, 80, 2, Bratavar
K -1750.0, -4460.0, 80, 30, 80, 2, Breezeboot_Swordrattler
K 1645.0, -750.0, 80, 30, 80, 2, Cargalia
K 2436.0, -340.0, 80, 30, 80, 2, Crial
K 489.0, -870.0, 80, 30, 80, 2, Derasinal
K -64.0, -868.0, 80, 30, 80, 2, Draazak
K -1201.0, -370.0, 80, 30, 80, 2, Entariz
K -977.0, -4295.0, 80, 30, 80, 2, Gafala
K -2828.0, -394.0, 80, 30, 80, 2, Gangel
K 3079.0, 3283.0, 80, 30, 80, 2, Glati
K 3077.0, -2199.0, 80, 30, 80, 2, Harla_Dar
K -2889.0, -2340.0, 80, 30, 80, 2, Hechaeva
K 1645.0, -750.0, 80, 30, 80, 2, Honvar
K -3326.0, -1400.0, 80, 30, 80, 2, Icehackle
K -1573.0, -261.0, 80, 30, 80, 2, Ionat
K 155.0, -4020.0, 80, 30, 80, 2, Jen_Sapara
K -64.0, -868.0, 80, 30, 80, 2, Jerigozia
K -2153.0, -26.0, 80, 30, 80, 2, Karkona
K 2436.0, -340.0, 80, 30, 80, 2, Kar_Sapara
K 233.0, 2775.0, 80, 30, 80, 2, Klandicar
K 3271.0, 1204.0, 80, 30, 80, 2, Linbrak
K 2914.0, 1125.0, 80, 30, 80, 2, Makil_Rargon
K -1181.0, -2033.0, 80, 30, 80, 2, Mazi
K 159.0, 692.0, 80, 30, 80, 2, Melalafen
K 73.0, 1699.0, 80, 30, 80, 2, Mraaka
K -2828.0, -394.0, 80, 30, 80, 2, Myga
K 73.0, -2328.0, 80, 30, 80, 2, Nintal
K -2828.0, -394.0, 80, 30, 80, 2, Onava
K 1423.0, -3419.0, 80, 30, 80, 2, Pantrilla
K -2828.0, -394.0, 80, 30, 80, 2, Quoza
K 3900.0, 4705.0, 80, 30, 80, 2, Scout_Charisa
K 4565.0, -410.0, 80, 30, 80, 2, Shardwing_Courier
K -701.0, -786.0, 80, 30, 80, 2, Sontalak
K 3109.0, 3594.0, 80, 30, 80, 2, Strong_Horn
K -587.0, 925.0, 80, 30, 80, 2, Tantor
K 4710.0, -2464.0, 80, 30, 80, 2, The_Dragon_Sage
K 3522.0, 3158.0, 80, 30, 80, 2, Tranala
K 3362.0, -695.0, 80, 30, 80, 2, Travala
K 3901.0, -3067.0, 80, 30, 80, 2, Tsiraka
K 4312.0, 717.0, 80, 30, 80, 2, Uiliak
K -64.0, -868.0, 80, 30, 80, 2, Veredenia
K -1935.0, -1466.0, 80, 30, 80, 2, Vitaela
K 2602.0, -1138.0, 80, 30, 80, 2, Von
K 3102.0, -4119.0, 80, 30, 80, 2, Vraptin
K -2930.0, -1116.0, 80, 30, 80, 2, Yeldema